2.106699435958828
2.072659854343382
2.0496925196996343
2.034700461578498
2.0247496522958075
2.018202558779693
2.01424917429827
2.0123888268216668
2.0121724316347103
2.0131360169204373
2.0148229536720144
2.0168318761033603
2.018856045856668
2.0206965547310958
2.0222470338548604
2.0234602654069986
2.0243110440651653
2.024763976409287
2.0247447628262165
2.024104280977579
2.022557945645983
2.019575485369181
2.014183024862653
2.004615728220685
1.9877318645161166
1.9581157564264624
1.9070037664372583
1.821774283651477
1.6874058404861327
1.490335328357006
1.2251613858360524
0.9146213099089724
0.6189124563814288
0.38329924831449624
0.22542106652637753
0.13561415108272346
0.08788565611840883
0.061925936056578715
0.0469165054435046
